0
Initialize parameters!

Half parameters!
Initialize parameters!

Half parameters!
The last epoch: 25
Success! The nn model is:

tensor([[ 0.0390,  0.2086],
        [-0.6528, -0.0849],
        [-0.5228, -0.5415],
        [ 0.0873, -0.2712],
        [ 0.3058, -0.3025],
        [-0.1078,  0.7248],
        [ 0.2318,  0.3474],
        [ 0.5661, -0.2417],
        [-0.2621,  0.2382],
        [-0.6893, -0.1227],
        [ 0.4882,  0.6538],
        [ 0.1532,  0.0479],
        [-0.2691, -0.1564],
        [ 0.6055, -0.0213],
        [ 0.1210,  0.3817],
        [ 0.3695,  0.1122],
        [-0.0560,  0.2299],
        [-0.1438, -0.5139],
        [ 0.5001, -0.5702],
        [-0.8925, -0.6908]])
tensor([-0.3679, -1.0761, -0.0503,  0.1488, -0.1189,  0.1975,  0.4850,  0.9607,
        -0.1231,  0.0849, -0.4613, -0.5341,  0.2133, -0.1705,  0.0977,  0.0874,
         0.8919, -0.6802, -0.0854,  0.4630])
tensor([[ 0.2311, -0.7707,  0.4242,  1.0964, -0.9137,  1.0816, -0.6650,  0.4447,
         -0.2212,  0.3278, -0.5162, -0.6375, -0.5112, -0.3138,  0.4758,  0.5299,
         -0.2867, -0.5667, -0.0512, -0.0413]])
tensor([-0.4170])
restart: 1

Data generation totally cost: 0.4332618713378906
Training totally cost: 3252.2660567760468
1
Initialize parameters!

The last epoch: 91
Success! The nn model is:

tensor([[-2.1649, -1.2079],
        [ 0.5094,  0.4472],
        [ 0.0679,  1.2939],
        [ 0.2141,  0.6159],
        [-0.6253,  0.1944],
        [ 1.3962, -1.3904],
        [ 0.5840,  1.3578],
        [ 0.8703, -1.6507],
        [ 0.0668,  1.2747],
        [-1.7439,  0.3103],
        [-0.6201,  0.8090],
        [-3.2129, -0.6086],
        [ 0.2382, -1.6115],
        [-1.3845, -0.9763],
        [-0.9330,  0.3294],
        [-2.1106,  0.4107],
        [-1.6220, -1.1186],
        [ 0.7233, -1.1281],
        [-0.2999, -0.6967],
        [ 1.9885, -0.2198]])
tensor([-1.1784, -0.5312,  0.2081, -1.4570, -2.0901, -1.4725,  1.0653,  1.0050,
        -0.9552,  1.5460,  0.2159, -1.6596, -0.3935, -1.6691,  0.0924,  0.9910,
        -2.8058, -0.3798,  0.6350,  1.5222])
tensor([[ 0.1886, -1.5747,  0.5090,  0.2425,  1.2331,  0.7249,  0.4627,  0.3695,
         -0.0689, -0.1311,  0.1920,  0.2695,  1.0453, -0.0550,  0.2388, -0.3218,
         -1.2016, -1.4339,  0.1970, -0.2842]])
tensor([-0.5643])
restart: 0

Data generation totally cost: 0.375840425491333
Training totally cost: 540.9045886993408
2
Initialize parameters!

Half parameters!
The last epoch: 46
Success! The nn model is:

tensor([[-0.7972, -0.2294],
        [ 0.2150,  0.3878],
        [-0.2302, -0.3632],
        [ 0.6187,  0.1300],
        [ 0.4068,  0.5311],
        [-0.2156,  0.4689],
        [-0.8420, -0.1834],
        [-0.1046,  0.5723],
        [-0.1890, -0.2671],
        [-0.6427, -0.3495],
        [ 0.1459, -0.3994],
        [-0.1566,  1.5412],
        [-0.6116,  0.6145],
        [ 0.1969, -0.2276],
        [-0.0955,  0.2802],
        [ 0.6964,  0.4136],
        [-0.1977,  0.8887],
        [ 0.1219,  0.1613],
        [-0.2465,  0.0045],
        [-0.3677, -0.7999]])
tensor([ 0.1968, -0.2748, -0.0551, -0.3519,  0.9365,  0.4276,  0.2228, -0.3110,
         0.2481,  0.0710, -0.0794,  0.1725,  0.1265,  0.3832, -0.0627,  0.1328,
        -0.2025, -0.2710,  0.4027,  0.4446])
tensor([[-0.0350, -0.6510,  0.3176, -0.4385, -0.7663,  0.2900, -0.0956,  0.4112,
         -0.2504,  0.3800,  0.0045,  0.2830, -0.4035,  0.3284,  0.9174,  0.4388,
         -0.0079, -1.3163, -0.4190, -0.2656]])
tensor([0.5695])
restart: 0

Data generation totally cost: 0.3829972743988037
Training totally cost: 287.36137890815735
3
Initialize parameters!

Initialize parameters!

The last epoch: 99
Success! The nn model is:

tensor([[ 0.6897, -2.3212],
        [-0.3740,  0.7747],
        [ 0.5984,  0.3887],
        [ 0.2069,  0.2462],
        [-0.1792, -0.9244],
        [-0.0795, -1.3831],
        [ 0.8800, -0.9477],
        [ 0.8346, -2.0719],
        [ 0.2316, -0.6819],
        [-0.9719,  1.1272],
        [ 0.5772, -0.8918],
        [-0.9920, -0.7947],
        [ 0.1232,  1.6822],
        [-1.7826, -0.8989],
        [-1.2122,  0.1726],
        [-0.6760,  0.4031],
        [ 0.2196,  0.1272],
        [-1.0458, -1.8780],
        [ 0.6245,  0.9613],
        [-0.2121,  0.4372]])
tensor([-0.0168,  0.6687,  0.8975, -0.5717, -1.1552,  0.4908,  1.2401, -0.0868,
         1.4164,  1.1477, -0.1506,  1.0765,  0.5764,  0.2418,  0.6856,  1.1620,
         0.3264, -1.2845,  1.7240,  1.1092])
tensor([[ 0.5600,  0.3758, -0.8295,  0.4177, -0.4542,  0.4402,  0.8497, -0.2915,
         -0.1553,  0.6185, -0.7479, -1.0173,  0.7540,  0.4954, -0.9375,  0.3194,
         -0.2922,  0.0473, -0.6187,  0.0455]])
tensor([0.3085])
restart: 1

Data generation totally cost: 0.37627553939819336
Training totally cost: 3653.0089390277863
4
Initialize parameters!

Half parameters!
The last epoch: 146
Success! The nn model is:

tensor([[ 0.6566, -0.1285],
        [-0.0214, -0.1175],
        [ 0.7016,  0.1673],
        [-0.0719,  0.7840],
        [ 0.1176, -0.1233],
        [ 0.3016,  0.4481],
        [-0.1269, -0.4318],
        [-0.1471,  0.1364],
        [ 0.4215,  0.2061],
        [-0.0574,  0.4842],
        [-0.3474, -0.1799],
        [ 0.2614,  0.1416],
        [ 0.1013,  0.7260],
        [ 0.4467, -0.4089],
        [ 0.3190,  0.2098],
        [-0.5114,  0.3868],
        [-0.2286,  0.4585],
        [ 0.2349,  0.4752],
        [ 0.5465, -0.2932],
        [ 0.1887, -0.6973]])
tensor([ 0.0447,  0.6194, -0.4997,  0.2711, -0.5946,  0.0029, -0.5100,  0.2002,
         0.5154,  0.8782,  0.9461,  0.4761, -0.6122, -0.6198,  0.0524,  0.2135,
        -0.8582,  0.1266,  0.3699,  0.4456])
tensor([[ 0.2289,  0.7076, -0.6511,  0.6030, -0.0548,  0.3660, -0.4630,  0.2712,
         -0.2281,  0.1645, -0.0041, -0.7735, -0.0757,  0.8452,  0.4555, -0.4457,
          0.5608,  0.2068, -0.0480,  0.3458]])
tensor([-0.5706])
restart: 0

Data generation totally cost: 0.3741769790649414
Training totally cost: 921.6067290306091
